Plaque 0 :
LS=0
0 8 26, 26 8 26, 
LS=8
0 8 26, 26 8 26, 
LS=16
0 8 26, 26 8 26, 
LS=24
0 8 26, 26 8 26, 
LS=32
0 8 26, 26 3 9, 35 3 9, 44 3 9, 
LS=35
26 3 9, 35 3 9, 44 3 9, 
LS=38
26 2 6, 35 2 6, 44 2 6, 
Plaque 1 :
LS=0
0 17 9, 9 17 9, 18 17 9, 27 17 9, 36 17 9, 45 17 9, 
LS=17
0 17 9, 9 17 9, 18 17 9, 27 17 9, 36 17 9, 45 17 9, 
LS=34
0 3 9, 9 3 9, 18 3 9, 27 3 9, 36 3 9, 45 3 9, 
LS=37
0 3 9, 9 3 9, 18 3 9, 27 3 9, 36 3 9, 45 3 9, 
Plaque 2 :
LS=0
0 17 9, 9 17 9, 18 17 9, 27 17 9, 36 17 9, 45 17 9, 
LS=17
0 10 10, 10 10 10, 20 10 10, 30 10 10, 40 10 10, 
LS=27
0 10 10, 10 10 10, 20 10 10, 30 10 10, 40 10 10, 
LS=37
0 3 9, 9 3 9, 18 3 9, 27 3 9, 36 3 9, 45 3 9, 
Plaque 3 :
LS=0
0 10 10, 10 10 10, 20 2 6, 
LS=2
20 2 6, 
LS=4
20 2 6, 
LS=6
20 2 6, 
LS=8
20 2 6, 
LS=10
0 10 10, 10 10 10, 20 2 6, 
LS=12
20 2 6, 
LS=14
20 2 6, 
LS=16
20 2 6, 
LS=18
20 2 6, 
LS=20
0 3 9, 9 3 9, 18 2 6, 
Plaque 4 :
LS=0
0 10 10, 10 10 10, 20 2 6, 
LS=2
20 2 6, 
LS=4
20 2 6, 
LS=6
20 2 6, 
LS=10
0 10 10, 10 10 10, 
LS=20
0 3 9, 
Plaque 5 :
LS=0
0 10 10, 10 10 10, 
LS=10
0 10 10, 10 10 10, 
Plaque 6 :
LS=0
0 10 10, 10 10 10, 
Plaque 7 :
Pas utilisée.
Pièces restantes à couper :
Aucune.
Chutes :
1125
