Plaque 0 :
LS=0
0 10 10, 10 10 10, 20 10 10, 30 4 2, 32 4 2, 34 4 2, 
LS=4
30 4 2, 32 4 2, 34 4 2, 
LS=8
30 2 1, 32 2 1, 34 2 1, 
LS=10
0 10 10, 10 10 10, 20 10 10, 30 4 2, 32 4 2, 34 2 1, 35 2 1, 
LS=12
34 2 1, 35 2 1, 
LS=14
30 4 2, 32 2 1, 34 2 1, 35 2 1, 
LS=16
32 2 1, 34 2 1, 35 2 1, 
LS=18
30 2 1, 32 2 1, 34 2 1, 35 2 1, 
LS=20
0 2 1, 1 2 1, 2 2 1, 3 2 1, 4 2 1, 
Plaque 1 :
LS=0
0 10 10, 10 10 10, 20 10 10, 
LS=10
0 10 10, 10 10 10, 20 10 10, 
Pièces restantes à couper :
10 10, 10 10, 
Chutes :
628
