Plaque 0 :
LS=0
0 8 26, 26 8 26, 52 9 3, 
LS=8
0 26 8, 8 17 9, 17 17 9, 26 8 26, 
LS=9
52 9 3, 
LS=16
26 8 26, 
LS=18
52 9 3, 
LS=24
26 8 26, 
LS=25
8 3 9, 17 9 3, 20 9 3, 23 9 3, 
LS=27
52 9 3, 
LS=28
8 3 9, 
LS=31
8 9 3, 11 9 3, 14 9 3, 
LS=32
26 8 26, 
LS=34
0 2 6, 6 6 2, 17 3 9, 
LS=36
0 2 6, 
LS=37
17 3 9, 
LS=38
0 2 6, 
Pièces restantes à couper :
17 9, 17 9, 17 9, 17 9, 17 9, 17 9, 17 9, 17 9, 17 9, 17 9, 17 9, 17 9, 17 9, 17 9, 17 9, 17 9, 3 9, 10 10, 10 10, 10 10, 10 10, 10 10, 10 10, 10 10, 10 10, 10 10, 10 10, 10 10, 10 10, 10 10, 10 10, 10 10, 10 10, 10 10, 10 10, 10 10, 10 10, 10 10, 10 10, 10 10, 10 10, 
Chutes :
12
